0	10.860753	106.604034	0	0	600
1	10.872464	106.620588	183	0	600
2	10.855639	106.639183	59	0	600
3	10.859829	106.618		87	0	600
4	10.857537	106.625985	10	0	600
5	10.874743	106.626816	15	0	540
6	10.876318	106.625868	15	0	600
7	10.874753	106.626820	53	0	600
8	10.874240	106.639251	153	0	540
9	10.876015	106.645111	57	0	600
10	10.882753	106.639925	10	0	600
11	10.8611		106.606		29	0	600
12	10.846429	106.608819	55	0	540
13	10.841896	106.604828	141	0	600
14	10.846365	106.608651	57	0	540
15	10.845187	106.606563	65	0	600
16	10.861414	106.605458	53	0	600
17	10.893784	106.577859	198	0	540
18	10.848713	106.589199	144	0	240
19	10.872909	106.563154	150	0	600
20	10.879138	106.581469	12	0	600
21	10.871433	106.566068	109	0	540
22	10.855735	106.580407	113	0	540
23	10.86057	106.573399	147	0	600
24	10.872985	106.571387	66	0	600